 
c <- c(12,15,18,20,20,22,25,30)

 
